860.446332 295.508379 862.492756 314.307754 2.891131 0.125000 3.154241 
269.406136 310.625062 269.376157 325.627500 3.752490 0.125000 9.283693 
758.764806 234.353760 757.850679 260.615451 3.660762 0.125000 17.774426 
671.064571 269.374154 671.086239 280.626519 3.757214 0.125000 0.328516 
186.894494 318.329272 156.810606 321.200243 5.984231 0.125000 15.022984 
844.331967 253.123454 843.657675 271.894135 2.767634 0.125000 7.551888 
840.036083 274.392518 840.566569 254.373452 4.046693 0.125000 20.326016 
854.413158 262.132797 849.763609 240.276416 4.708301 0.125000 5.661874 
204.411811 422.051588 216.890694 419.450288 2.447391 0.125000 3.866336 
751.874977 289.376272 806.879337 290.389592 4.117752 0.125000 60.450914 
757.917363 261.202117 752.282355 273.408980 4.365442 0.125000 1.578671 
93.170075 589.190788 74.400781 589.984587 3.078769 0.125000 10.972792 
877.725026 242.513370 865.715753 258.504405 4.744720 0.125000 9.635487 
655.559064 221.081421 634.351609 222.843472 3.737123 0.125000 5.468538 
752.821386 273.076786 750.405726 288.288680 4.037417 0.125000 15.360338 
628.600366 208.782295 620.004302 198.651676 3.234972 0.125000 5.915706 
542.809442 328.115824 542.588514 305.617993 3.835740 0.125000 8.797264 
469.120068 426.134144 444.627581 413.870552 3.906468 0.125000 17.835561 
265.590448 339.370981 263.245374 359.534379 3.291674 0.125000 8.165680 
672.759087 279.399895 674.034616 298.148158 4.818774 0.125000 5.805517 
144.362200 451.811017 124.410487 455.802392 4.167553 0.125000 10.080976 
722.907835 426.713684 738.293029 429.782640 3.922074 0.125000 5.761160 
708.124201 301.996978 725.631635 302.111608 2.598156 0.125000 11.091056 
748.129914 479.970694 780.627703 479.702604 2.592718 0.125000 31.862125 
826.611691 281.758381 838.135332 283.031480 2.340061 0.062500 0.130247 
626.079907 260.624339 626.110790 281.876111 1.275430 0.031250 0.599483 
70.605335 594.067985 90.683092 592.781940 3.293914 0.125000 8.972265 
230.593821 639.090570 276.887426 639.742038 3.819984 0.125000 73.353704 
265.648359 281.717153 249.361363 281.446922 3.770221 0.125000 7.984494 
321.909378 360.959558 306.811901 362.510942 3.347034 0.125000 8.535470 
291.919588 333.834185 275.577008 334.861668 4.134783 0.125000 7.361547 
551.967523 492.098599 483.127112 494.437162 6.180067 0.125000 100.368493 
637.843338 276.874905 637.848415 261.874906 2.504654 0.125000 5.233183 
863.102555 294.160670 931.901512 295.651702 3.505363 0.125000 98.896008 
678.143620 475.734059 618.098413 474.754148 3.994262 0.125000 61.445480 
351.903783 334.601430 320.608229 333.721390 7.055669 0.125000 28.772749 
730.914715 286.948464 730.146870 276.911578 4.212179 0.125000 0.816094 
245.776071 398.948546 233.017499 401.288967 2.244012 0.062500 6.505279 
668.324202 243.658821 674.264691 255.679514 2.762931 0.062500 0.017364 
249.379216 355.585507 230.576598 353.578444 5.418638 0.125000 14.717420 
732.036753 301.872167 731.795639 288.104499 2.609057 0.125000 4.130227 
624.695072 199.131029 633.334478 210.465328 3.316072 0.125000 0.544631 
731.901607 421.279327 713.133218 420.441004 3.913598 0.125000 12.900298 
343.214724 347.580647 355.672257 345.996659 2.764050 0.125000 0.709749 
441.505410 416.370405 459.531967 425.308424 5.034865 0.125000 11.907801 
677.015698 217.594012 690.729771 214.910414 4.666886 0.125000 6.559994 
837.935363 471.396839 810.842383 464.740231 4.834687 0.125000 20.683598 
866.930881 275.642985 860.628879 295.223944 3.569675 0.125000 5.956250 
375.731440 335.434120 351.721447 337.847091 4.731154 0.125000 9.518920 
481.340165 496.820662 482.872568 516.989155 3.833924 0.125000 13.197744 
889.023777 234.370367 888.561935 269.380764 2.631687 0.125000 34.671071 
129.344647 458.005907 144.327183 454.187381 3.966121 0.125000 3.110969 
629.826474 280.617308 629.528386 263.122387 2.797769 0.125000 7.893500 
689.266461 210.262603 675.617650 214.350461 3.112170 0.125000 4.986154 
6.512725 581.103212 21.689293 573.979372 4.918798 0.125000 9.304984 
358.667353 283.095954 359.538705 299.366233 2.630118 0.125000 4.986154 
785.588277 593.739756 805.665972 594.939114 4.190549 0.125000 8.031938 
701.767728 508.268746 687.747441 497.805951 6.504176 0.125000 11.027891 
844.374516 285.574167 830.625764 285.705179 2.571351 0.062500 0.143483 
29.392530 399.171390 0.601493 398.824179 4.066272 0.125000 28.353680 
850.432496 474.150468 838.131336 471.841251 3.610211 0.125000 6.787925 
820.615640 319.309890 834.439341 317.322552 2.908963 0.125000 2.423832 
170.467736 413.941965 180.906766 410.150860 4.588448 0.125000 2.758944 
674.782430 300.579325 676.058994 311.966479 2.416475 0.125000 2.060156 
198.043787 360.940972 228.157274 362.502693 9.209706 0.125000 42.572326 
224.420683 350.821542 188.099157 359.263816 4.218624 0.125000 32.239367 
21.998662 586.800865 0.461035 589.065909 3.467958 0.125000 13.726256 
84.457601 400.341853 59.261354 398.984360 5.261753 0.125000 32.046579 
233.610829 400.649415 217.905658 402.670929 6.640737 0.125000 19.184026 
596.965575 194.849014 615.607499 197.024940 2.483142 0.125000 6.787925 
698.121721 300.712784 707.921290 301.078816 4.556403 0.125000 1.649987 
760.604053 360.056648 739.297349 359.401901 5.228004 0.125000 29.733870 
768.323972 246.855371 767.763443 276.868247 3.013072 0.125000 42.152310 
825.112693 233.085567 824.718815 250.688632 5.306336 0.125000 15.370858 
360.620227 300.730596 375.646029 301.409719 2.836083 0.125000 8.381786 
811.878624 630.332512 773.126676 630.396121 5.026667 0.125000 46.892451 
801.840525 333.025188 809.408659 333.252033 3.197095 0.062500 1.700150 
447.285814 396.588210 460.742502 400.185443 5.476017 0.125000 4.253137 
746.769103 429.758282 721.616953 422.808969 2.948792 0.125000 6.993887 
279.370093 281.250581 266.851252 281.152380 3.134690 0.062500 3.531293 
619.390865 198.851393 604.366784 198.396168 1.590142 0.125000 2.963246 
169.251071 431.328366 181.948608 428.449676 5.705385 0.125000 2.345994 
810.460522 467.478654 840.923636 475.778972 4.160117 0.125000 24.259399 
620.407965 212.229154 596.459555 197.552915 3.129007 0.125000 9.833730 
71.943550 165.621998 72.546986 179.400315 6.298707 0.125000 1.176267 
204.308478 420.338639 170.633450 428.161375 1.783268 0.125000 12.752295 
671.432094 221.948393 669.495069 243.249587 6.903528 0.125000 20.943092 
464.434560 372.406248 449.409562 372.908639 5.247845 0.125000 0.139485 
891.703355 264.415214 892.637836 239.356833 3.328150 0.125000 20.339594 
808.139091 282.674344 825.655682 282.365563 2.763989 0.125000 3.325540 
610.396158 40.783573 622.238260 57.873284 2.370362 0.125000 5.855640 
636.607147 43.088241 637.171270 58.160696 3.012517 0.125000 6.867325 
463.012554 429.153627 426.626517 447.635809 3.980352 0.125000 35.736651 
451.891736 627.726251 411.833493 628.513824 4.483040 0.125000 55.974870 
771.488773 631.071761 781.112953 641.421243 4.512732 0.125000 4.965195 
764.722604 453.246713 809.690624 467.100517 3.034752 0.125000 46.669358 
675.612658 629.292824 580.596849 628.288638 5.633803 0.125000 114.785492 
654.624767 202.222637 644.293786 195.754720 3.316569 0.062500 0.594055 
654.170855 396.501929 669.503880 400.071379 3.085509 0.125000 3.430184 
268.093072 336.818123 291.892929 337.455009 2.632858 0.125000 19.968442 
370.644869 108.794276 391.913234 108.162870 2.981109 0.125000 14.490124 
610.980073 202.651321 625.182597 213.297640 3.751884 0.125000 3.882827 
386.872263 639.860101 483.125503 639.515624 5.317589 0.125000 128.470839 
438.189404 446.990730 468.954689 429.869729 4.739327 0.125000 36.165325 
780.647099 477.243364 731.865084 476.020571 3.278974 0.125000 37.929504 
811.459878 464.511550 782.670730 455.892309 3.004628 0.125000 24.595919 
0.580039 593.740986 13.193191 594.044900 10.177758 0.125000 13.356665 
246.308220 173.026218 261.913997 176.709785 3.177841 0.125000 0.781430 
462.921499 402.614090 439.415535 411.976767 3.719991 0.125000 12.140233 
599.348678 639.249581 629.390735 639.952749 5.174129 0.125000 23.462040 
933.961572 15.429804 930.448743 0.374466 2.864548 0.125000 0.328516 
305.548007 359.096492 265.502334 355.922794 3.799308 0.125000 55.441148 
631.913706 246.961662 633.782187 273.077982 4.541239 0.125000 13.650638 
690.607165 403.195161 654.468175 394.008463 2.710526 0.125000 23.887488 
313.114257 333.724728 298.119069 333.456117 5.088749 0.015625 3.000101 
413.124525 650.879583 391.872268 650.839948 2.534963 0.125000 12.041248 
470.368563 382.928655 454.452855 379.055107 2.724688 0.125000 4.986154 
584.333602 639.121880 598.163571 639.696208 2.964632 0.125000 11.448143 
823.114000 641.315425 879.361921 640.973499 5.341840 0.125000 81.947423 
563.172408 293.515740 546.765453 292.610518 5.689616 0.125000 2.907870 
781.866861 641.294520 821.891337 641.781048 6.431861 0.125000 48.390293 
914.389063 323.442396 933.157602 322.610810 1.595900 0.125000 0.253976 
658.115250 640.446937 680.630599 640.541476 4.994707 0.125000 15.303549 
564.381226 479.514051 576.912072 478.953012 7.660223 0.125000 0.584494 
444.412615 413.213894 468.144794 403.171779 3.763708 0.125000 18.403006 
872.380383 633.870685 855.713103 629.069172 5.170526 0.125000 10.336418 
73.112563 236.812262 88.986530 233.665405 6.870694 0.125000 3.644122 
574.395669 475.326106 529.353648 474.725039 3.516157 0.125000 56.471966 
891.280649 173.207726 892.426137 164.129104 4.336578 0.062500 0.143483 
746.875322 323.114125 729.353669 322.595120 2.354483 0.125000 0.957274 
769.364459 430.491409 746.905653 432.263486 4.230000 0.125000 5.081473 
905.613501 590.921358 888.091380 590.241498 2.885829 0.125000 15.009565 
647.878555 46.865435 648.069265 66.875531 2.666666 0.125000 6.040710 
153.221993 324.299028 195.639022 320.794732 2.708083 0.125000 29.733870 
513.165629 326.547841 523.319499 327.808825 6.193559 0.125000 1.865272 
827.947032 265.414967 827.054806 276.791065 4.129468 0.062500 0.950243 
881.182544 640.460238 871.241803 634.117365 4.415625 0.125000 2.359708 
555.676137 506.855313 551.000831 494.711552 4.217021 0.125000 6.867325 
58.197857 478.379411 129.010078 458.100712 3.266494 0.125000 66.079865 
658.025149 270.636415 656.425180 256.640628 2.511577 0.125000 1.573656 
804.430953 590.715954 786.851235 589.867291 3.039555 0.125000 11.163603 
704.604703 191.415738 700.298874 179.053218 4.919087 0.125000 0.247760 
202.143536 588.541986 185.573667 590.067396 5.322715 0.125000 7.389297 
302.730195 368.931513 326.914269 363.293441 4.787284 0.125000 24.161674 
683.128847 641.062469 675.945394 629.977413 3.885424 0.125000 0.781430 
782.162454 454.360721 767.089054 450.933548 4.598432 0.125000 11.956953 
564.751407 524.189342 556.341192 507.138294 4.991657 0.125000 16.374986 
776.602987 575.922231 741.311455 543.624906 5.359645 0.125000 58.894465 
652.507824 256.872447 652.363069 291.871849 3.874044 0.125000 14.969979 
853.616425 563.707430 884.839546 586.691991 5.354718 0.125000 54.908780 
298.197380 340.302886 270.640692 339.034173 2.382376 0.125000 0.980715 
903.098034 587.652210 923.160622 588.348297 4.007807 0.125000 25.275088 
688.134251 585.796641 729.381215 586.150476 3.878534 0.125000 74.307355 
89.577753 223.963676 82.206379 225.745731 5.193804 0.125000 1.573656 
618.117960 155.676199 631.950180 157.578278 3.668695 0.125000 0.259905 
820.739516 541.710655 852.584637 563.900487 5.842512 0.125000 36.849511 
733.862540 537.464971 701.630408 509.467522 4.546338 0.125000 66.145561 
305.554893 586.755885 343.161785 585.749248 6.348104 0.125000 35.373379 
903.135753 232.514258 891.867238 232.315857 2.543622 0.062500 1.260049 
894.333075 594.650042 910.673817 595.099264 3.782934 0.125000 7.172770 
264.310272 363.108537 306.905101 362.376527 7.971422 0.125000 52.406389 
486.193185 543.083013 486.553277 569.396509 5.256096 0.125000 15.516499 
848.798854 304.368893 848.931346 291.870297 2.539609 0.125000 2.963246 
703.169470 589.660825 688.086250 588.965145 3.015675 0.125000 13.228108 
794.305572 524.481522 820.162645 541.334384 4.142027 0.125000 39.874517 
854.375642 630.260906 813.123853 630.290778 3.765387 0.125000 76.113535 
648.123178 533.126409 688.018672 584.740999 4.897181 0.125000 92.784462 
729.331282 480.318170 748.156716 481.190776 10.105031 0.125000 33.125866 
868.124942 273.268932 933.124931 273.295339 3.752031 0.125000 70.628420 
745.306541 432.425856 756.411858 447.222599 3.502265 0.125000 6.559994 
429.741816 448.826320 465.476671 472.716606 5.931481 0.125000 50.246989 
586.226212 250.643572 584.991762 290.605439 5.113401 0.125000 46.946619 
741.883920 586.078505 783.128747 586.540407 4.057719 0.125000 42.344723 
69.242568 512.768160 52.921055 518.825465 4.820453 0.125000 7.552217 
788.286837 520.372260 793.854711 523.937533 3.453490 0.031250 1.758581 
630.591926 640.162454 656.936440 640.590107 6.634662 0.125000 21.288483 
653.119369 479.293194 698.124349 479.510140 5.108402 0.125000 48.271024 
785.457705 584.546648 775.971993 575.301504 5.393672 0.125000 5.436947 
182.729583 427.632850 204.936709 422.592486 4.487015 0.125000 6.394225 
490.616535 583.479993 568.132073 585.328404 4.730391 0.125000 77.142818 
623.082308 503.159556 647.270898 533.042748 5.365832 0.125000 34.597124 
718.447105 213.963166 705.990962 200.173550 5.565568 0.125000 12.186521 
764.863158 274.806717 759.358473 265.092710 4.023865 0.125000 3.325540 
470.626049 474.495399 424.368670 474.898297 2.891836 0.125000 41.635517 
808.108043 495.432124 792.895934 496.769529 6.882830 0.125000 10.088176 
121.922456 402.395853 85.501313 400.025422 5.668523 0.125000 49.888968 
176.898198 401.553475 123.119307 402.897124 4.498137 0.125000 42.169501 
280.634942 341.727412 311.911423 343.834313 3.166461 0.125000 18.579199 
923.133898 587.666953 933.146679 587.554449 3.805940 0.031250 1.093527 
380.601231 317.427253 360.584511 316.565717 2.927698 0.125000 19.468743 
184.342065 593.457600 200.660784 592.871760 2.946850 0.125000 13.798672 
229.438782 495.048324 211.603941 493.075734 6.212119 0.125000 8.102348 
221.858948 479.845518 269.390274 478.866709 3.594791 0.125000 48.274813 
933.164195 421.954903 920.601427 422.325153 2.498915 0.125000 4.769426 
503.118166 174.023925 516.862959 173.756388 2.548179 0.125000 0.709749 
676.442221 211.885726 675.822254 186.870111 3.996605 0.125000 5.311055 
312.942743 547.551307 301.810875 565.126131 3.520664 0.125000 9.967536 
529.399506 332.075381 450.618490 331.235843 4.719996 0.125000 92.831204 
773.458503 510.138750 785.457850 518.368707 3.270646 0.125000 14.703416 
818.194431 492.470881 805.571290 491.131009 2.881852 0.125000 3.306239 
885.568981 587.237660 901.886116 587.556968 3.749282 0.125000 7.172770 
58.156850 399.233242 36.816704 399.846535 6.857871 0.125000 31.943597 
208.144025 639.719603 229.329450 638.549960 5.061304 0.125000 18.175990 
550.628192 575.817079 575.625303 575.761746 2.552566 0.125000 8.526988 
894.529113 248.123232 894.715632 264.385430 1.393277 0.031250 3.335057 
128.114464 481.366719 168.123183 480.537355 2.680808 0.125000 38.548031 
344.333616 586.115830 376.897042 585.445096 5.513774 0.125000 26.161982 
418.198895 332.172904 388.148033 333.607487 4.159839 0.125000 24.585228 
255.655102 629.101943 223.118229 628.748744 4.959000 0.125000 21.764734 
392.889237 571.058296 400.110474 554.155187 3.772232 0.125000 4.919167 
140.688606 495.157442 128.068773 496.183322 2.998179 0.125000 5.044626 
841.850847 304.323284 830.698262 309.531868 5.893069 0.125000 4.919167 
767.528843 449.892547 757.124756 437.908177 4.097280 0.125000 3.882827 
475.640910 627.915397 453.107949 628.259981 4.865622 0.125000 21.658660 
690.632736 593.715587 705.630672 593.891543 3.735078 0.125000 1.034659 
880.658292 478.884023 870.614158 478.691955 3.100187 0.125000 1.157066 
484.311403 592.495105 504.373018 591.816424 3.832382 0.125000 18.624929 
689.967316 218.092738 690.992948 236.923043 5.400498 0.125000 12.470567 
466.048757 465.655179 439.231654 448.347100 5.184286 0.125000 41.774263 
230.552578 388.519528 244.377075 388.221151 6.275517 0.125000 3.976516 
569.365724 585.409172 593.179183 584.385748 3.746542 0.125000 6.218798 
690.797803 188.128652 690.348897 209.369165 4.039697 0.125000 13.197744 
572.956211 545.685916 565.306557 524.489926 5.321902 0.125000 17.575624 
588.135796 583.121288 578.106568 553.951558 4.951523 0.125000 31.781366 
869.388319 478.552430 831.857679 477.944716 2.944907 0.125000 19.866983 
584.374445 592.596699 601.875396 592.610163 2.511539 0.125000 8.781426 
671.240068 185.589058 672.336255 204.348046 5.210244 0.125000 6.062745 
879.791735 528.617688 864.054351 519.957701 5.093324 0.125000 12.424244 
588.122581 156.748330 609.364834 156.342654 3.797052 0.125000 12.387076 
670.554770 338.121964 671.204398 323.096007 2.034642 0.125000 2.963246 
72.880013 246.855691 72.540617 273.133597 4.024122 0.125000 32.225458 
276.875583 628.958179 256.873874 628.930209 2.527966 0.125000 13.800326 
835.586352 480.464908 886.904798 482.284673 2.719917 0.125000 44.118955 
740.780715 543.094260 734.212263 537.199083 5.581643 0.062500 3.400007 
141.843324 346.722200 142.943094 355.491042 3.083349 0.125000 1.157066 
760.475316 335.624582 760.419437 355.627918 4.989505 0.125000 5.321691 
863.754300 519.507317 819.847402 494.785979 4.979556 0.125000 68.039674 
922.240088 552.473134 880.181209 528.917391 4.799726 0.125000 62.055507 
144.238762 356.286025 161.947792 352.189689 3.280798 0.125000 8.526988 
99.349704 515.510719 112.057155 512.697929 5.552414 0.125000 3.956906 
438.198957 694.327402 425.436114 674.496564 5.193561 0.125000 19.604834 
526.877893 477.834282 564.399053 478.207618 5.161432 0.125000 26.700340 
729.416551 586.087004 741.962307 586.342791 6.350622 0.125000 3.315883 
813.545723 255.896328 811.087367 248.382703 5.140813 0.125000 0.139068 
139.177074 426.370281 170.085586 414.249474 4.198522 0.125000 27.396021 
410.643820 628.814416 386.877408 629.463207 3.078950 0.125000 23.224535 
784.370642 119.321461 800.614761 117.999208 1.850238 0.125000 1.157066 
329.371996 478.575498 366.880860 478.434563 3.759367 0.125000 37.655191 
760.541787 500.738666 770.627185 508.122016 3.764206 0.062500 1.349513 
844.698707 359.341266 858.219397 362.750645 3.952285 0.125000 1.568692 
806.869101 403.719181 860.637238 403.235551 3.873521 0.125000 70.390348 
41.657074 562.764894 93.926029 531.133112 3.571515 0.125000 45.537265 
486.663048 570.445228 489.257950 585.428792 3.956459 0.125000 2.342844 
193.214006 412.128149 180.524668 416.589636 3.473109 0.125000 6.702841 
192.049784 405.040453 204.357355 401.807819 6.106160 0.125000 6.993887 
933.903692 559.385322 922.791784 552.405480 5.957393 0.125000 6.229579 
844.303004 416.249193 883.256470 411.767764 3.296833 0.125000 28.166623 
505.630671 587.311826 486.867605 587.555413 2.516016 0.125000 7.563390 
204.562872 401.137494 213.084205 398.013716 3.951113 0.062500 1.605698 
898.051280 184.783683 888.023867 200.560723 3.263285 0.125000 0.362707 
424.372216 477.920005 471.863454 477.274947 2.907212 0.125000 53.536285 
389.532221 111.488877 375.342249 114.071375 4.471563 0.125000 2.159567 
298.125963 337.871341 310.625783 337.918781 2.547422 0.125000 2.060156 
180.233007 417.163883 161.971594 424.611835 3.000245 0.125000 6.188747 
465.585574 472.710386 500.507527 469.389627 3.435412 0.125000 18.575651 
577.629274 554.675614 573.531442 546.024578 5.648368 0.125000 1.301193 
791.874847 392.191781 829.375022 392.189148 6.251229 0.125000 58.069972 
419.081659 663.891756 413.034613 651.920658 3.933720 0.125000 10.286725 
105.622461 419.345046 155.581419 415.110797 5.383155 0.125000 97.486514 
325.382632 300.621439 325.199018 313.118741 2.554820 0.125000 3.866336 
867.061561 234.121428 864.536400 244.711541 2.544221 0.125000 1.157066 
396.872883 322.242172 445.622603 322.125281 4.982002 0.125000 42.906326 
270.628503 476.038527 223.121323 476.441006 3.654559 0.125000 36.739494 
841.683085 343.049242 829.309313 341.026909 3.700897 0.125000 0.328516 
694.232496 394.786196 705.786116 392.823355 6.371074 0.125000 2.345994 
702.492499 348.118478 702.698710 328.120604 2.590089 0.125000 6.702893 
0.622349 429.247589 18.125203 429.288923 1.898609 0.062500 1.759126 
786.888231 264.147132 783.931171 247.754097 4.476786 0.125000 1.223511 
169.379824 477.605456 123.123586 477.910968 2.681573 0.125000 42.039927 
316.110715 301.881252 316.271787 289.367236 2.515881 0.062500 1.083144 
81.938452 522.259598 92.067301 523.002250 2.489961 0.125000 0.253976 
655.627714 389.322014 671.962916 390.158840 6.177863 0.125000 10.221771 
828.062976 493.548955 816.690635 491.885185 2.624811 0.125000 1.696074 
519.326012 123.073985 534.623698 108.383986 2.955539 0.125000 10.963296 
670.354283 400.383018 687.929464 405.103079 3.118161 0.125000 2.596220 
30.638820 626.989498 6.635020 629.886771 3.915451 0.125000 14.228858 
455.570518 344.438364 483.137768 345.024284 4.547321 0.125000 23.479248 
657.297711 16.767629 654.087808 4.130442 3.653990 0.125000 1.945517 
400.659829 587.778319 381.841413 588.503903 2.883429 0.125000 11.819583 
857.158610 366.933212 844.202463 363.850034 5.036521 0.125000 0.980715 
389.601240 654.253440 408.954502 690.272567 5.686463 0.125000 46.114631 
20.872877 573.585195 39.581379 563.508153 3.133931 0.125000 5.982763 
245.587921 330.620322 248.285414 309.237546 2.938258 0.125000 8.798565 
758.033003 101.798339 759.114988 118.142213 2.411969 0.125000 0.816094 
904.175928 318.700649 911.980341 317.893291 3.980708 0.125000 0.709749 
894.687057 372.735165 866.770763 367.422757 5.200501 0.125000 21.829409 
933.248234 369.629003 909.399350 366.678202 2.954167 0.125000 7.245883 
109.391414 510.139960 91.845849 510.516448 2.606688 0.125000 6.787925 
425.897232 674.958742 418.974912 663.363859 5.782881 0.125000 4.554940 
461.897802 385.698495 442.238867 391.797797 2.592816 0.125000 10.152788 
654.143091 232.001171 655.096314 224.309480 4.182736 0.062500 2.181224 
561.114847 494.476709 550.070288 492.220874 6.697274 0.125000 0.139485 
190.087594 586.199436 208.878772 571.251201 3.646732 0.125000 18.099705 
610.896585 260.636047 610.084406 280.603011 2.599541 0.125000 7.551888 
679.337026 294.160564 686.872730 294.436899 2.681548 0.015625 1.160478 
785.632318 250.832918 796.912340 250.435901 2.762263 0.125000 0.725722 
931.859036 298.551349 885.627050 296.820253 2.685337 0.125000 27.989118 
227.919402 362.290300 249.462411 361.324217 10.045959 0.125000 28.732948 
716.754441 294.739509 728.220528 295.595708 4.111913 0.125000 2.758944 
123.107930 573.020437 136.898533 570.769157 3.071519 0.125000 6.119335 
276.875000 296.875000 276.875000 325.625000 1.250000 0.125000 6.575606 
226.943811 416.656962 251.916129 414.991803 3.741691 0.125000 1.526809 
279.374827 494.357214 230.617278 494.832066 2.962465 0.125000 55.441148 
483.787341 518.078442 484.492956 528.116709 3.916069 0.125000 0.816094 
371.875616 475.067143 344.374525 475.091611 1.273355 0.125000 3.463001 
824.453709 353.697546 804.290201 351.354867 4.013463 0.125000 0.130434 
670.623832 386.210421 690.626246 386.250322 5.024925 0.125000 7.895758 
714.232660 233.252438 713.502200 218.106808 3.685430 0.062500 0.506090 
913.082146 318.292386 928.143964 318.747774 2.914394 0.125000 9.284876 
327.778356 314.480315 329.249608 301.860382 3.435280 0.125000 2.603052 
518.068601 531.040660 486.876632 533.149145 5.174629 0.125000 22.596507 
279.239007 325.652884 280.209887 286.864610 5.874219 0.125000 41.132450 
616.677009 363.625152 670.417593 384.898939 3.292779 0.125000 51.828410 
796.897506 424.996776 779.375218 425.631023 3.792762 0.125000 3.882827 
368.010981 321.384016 375.712733 322.540972 2.829774 0.062500 0.609137 
753.071484 393.869973 780.790067 390.932717 8.907177 0.125000 43.944705 
792.213777 327.336946 780.911648 329.573523 6.386698 0.125000 0.509314 
893.117526 379.415118 871.905101 375.463422 2.144562 0.125000 4.130227 
446.897234 331.236494 421.884852 332.145960 3.270502 0.125000 22.031182 
19.357682 638.524080 50.620173 637.887814 2.906446 0.125000 35.263305 
139.413258 567.234263 125.422576 568.724146 3.596551 0.125000 9.410664 
335.699537 475.406782 321.841257 476.407917 2.405652 0.125000 4.769426 
449.552135 392.405950 469.050073 385.901056 2.767095 0.125000 6.040710 
221.883369 628.562360 199.347140 628.330273 3.775546 0.125000 19.551249 
425.262184 399.355912 447.138587 396.205125 6.741011 0.125000 23.325863 
501.901892 352.801775 458.079976 354.073365 3.494628 0.125000 64.348692 
56.860876 638.812070 88.153902 638.026923 3.717467 0.125000 28.353680 
729.133895 396.279509 753.031002 394.418186 6.231127 0.125000 34.345480 
26.892615 533.158942 4.056242 545.010812 3.581277 0.125000 24.595919 
518.099802 361.264204 573.140027 361.998311 3.916372 0.125000 96.288425 
629.192743 386.429397 642.035245 387.568727 6.667392 0.125000 16.458965 
802.532693 119.417112 802.103675 100.648346 5.341476 0.125000 3.943062 
183.249904 397.077562 173.109908 397.949486 5.905749 0.125000 0.818691 
496.843869 517.600107 516.921517 516.409326 5.139241 0.125000 10.968615 
914.356539 404.067437 933.188749 402.937090 2.469651 0.125000 1.945517 
415.625297 493.168344 346.869959 493.639615 2.894055 0.125000 82.452171 
792.076877 496.975761 753.100406 494.819574 9.501420 0.125000 62.196343 
243.122377 385.639782 225.296471 382.476124 2.303689 0.125000 3.276074 
65.618937 517.264389 86.867882 517.114686 1.399675 0.125000 0.253976 
248.202587 348.143570 248.412850 333.111542 5.051960 0.125000 2.269989 
211.922815 376.743971 181.859373 377.350765 6.349626 0.125000 40.688615 
243.155086 379.139321 219.157866 376.075934 3.086672 0.125000 5.189725 
709.252449 171.885264 707.684366 153.161903 2.070562 0.125000 1.573656 
931.888269 288.275115 864.367936 287.460543 4.322730 0.125000 99.244957 
99.525611 463.637607 79.086448 469.642908 4.444850 0.125000 11.634999 
99.688930 455.184984 82.027618 457.876469 5.131251 0.125000 3.604568 
684.828689 497.767065 659.175228 494.933841 8.277984 0.125000 50.317369 
66.751129 521.771253 80.613817 520.502784 3.173012 0.125000 1.135295 
179.281915 383.350922 189.440809 383.697827 2.198467 0.062500 0.130247 
225.668696 406.847434 239.535023 406.351781 9.948965 0.125000 12.898592 
657.632490 61.929021 656.518958 51.776946 4.394185 0.125000 1.778679 
421.860754 343.969530 455.643313 344.539406 4.065714 0.125000 38.186891 
376.869253 322.568374 395.630159 322.374686 3.749800 0.125000 4.150144 
149.370280 586.245083 165.628733 586.123267 2.565487 0.125000 8.381786 
630.960519 24.722515 624.618127 8.032608 3.225021 0.125000 1.301193 
712.830915 84.369042 712.476008 101.887176 2.651402 0.125000 1.135295 
931.880075 270.033358 901.871561 269.775939 2.671466 0.125000 19.497682 
213.167429 562.277882 181.869625 565.573960 4.972501 0.125000 16.707076 
674.157442 253.431554 687.815341 255.340505 4.605807 0.125000 6.559994 
633.220060 304.578370 643.258872 303.921768 3.657756 0.125000 1.573656 
706.732689 392.750021 723.356170 395.453616 5.537136 0.125000 20.572088 
165.617168 586.134586 189.377825 586.240352 2.494411 0.125000 20.121956 
519.530503 370.892857 484.290598 372.872695 4.641545 0.125000 29.447041 
583.857316 226.771922 585.152188 204.566100 6.021101 0.125000 16.922786 
506.909353 503.570353 494.387439 504.536257 1.823112 0.062500 0.609137 
931.923729 233.387458 924.069271 223.057963 5.970091 0.125000 3.814612 
14.376625 571.897888 1.762707 572.793564 5.526017 0.125000 6.218852 
390.611664 571.793412 376.622466 574.080049 3.902531 0.125000 7.601276 
390.555044 299.105982 406.828097 298.356549 6.243383 0.125000 10.968615 
524.312009 510.676611 500.617503 509.529924 3.101303 0.125000 6.774379 
824.813263 164.301501 826.512826 174.435738 3.275329 0.125000 0.709749 
379.376290 592.575897 395.629136 592.614075 3.764671 0.125000 2.342844 
658.126294 493.903138 629.373083 493.824316 2.561670 0.125000 27.346676 
894.399048 458.443614 871.849532 457.861396 5.127389 0.125000 18.068337 
484.275706 503.810115 515.654774 498.294382 4.193483 0.125000 18.710458 
933.159778 405.606324 914.354169 406.137484 2.499003 0.125000 5.855640 
436.773979 315.547548 389.358331 319.155960 5.067128 0.125000 48.391265 
433.371751 487.297669 414.479683 490.084619 2.720000 0.125000 0.781430 
871.546918 254.365513 871.076353 270.638052 1.646931 0.125000 1.573656 
465.721361 310.826002 448.132907 311.994057 5.485993 0.125000 12.401970 
856.864804 419.277701 889.400486 415.868202 2.166249 0.125000 6.467198 
710.605841 404.414686 690.630634 404.730887 3.967160 0.125000 4.710923 
67.351979 279.011809 84.818734 275.112875 9.629121 0.125000 28.516995 
126.846676 498.445454 103.061524 496.343170 6.081123 0.125000 24.271066 
689.153887 320.943330 712.959401 324.299578 3.887784 0.125000 7.264441 
819.476374 496.809438 809.343896 496.028650 2.972799 0.125000 1.157066 
794.405746 375.927506 765.572460 378.858063 3.119168 0.125000 5.907983 
96.863897 628.644183 31.866891 627.254204 3.695692 0.125000 59.651663 
378.235871 572.387303 357.759069 569.309777 6.737926 0.125000 30.149105 
180.575887 568.245122 195.646137 568.785323 5.399794 0.125000 12.387076 
190.612224 638.747347 208.181276 638.389731 3.749223 0.125000 4.919167 
353.157252 570.842124 340.563767 572.712768 5.263866 0.125000 11.868963 
875.624992 321.875180 891.898442 322.595154 2.663303 0.125000 0.957274 
933.143850 415.842222 913.078011 417.583523 2.217932 0.125000 3.430184 
551.828436 300.892540 572.085058 304.418072 4.123127 0.125000 4.759622 
824.091135 447.598267 834.881923 451.833399 2.779360 0.125000 1.696074 
652.334541 296.796424 651.301288 307.190741 3.725478 0.125000 3.276074 
98.120727 430.781173 73.139426 430.097711 1.557205 0.125000 0.814027 
203.876721 249.348502 204.495925 266.914799 2.806690 0.125000 5.373655 
402.233891 546.938068 404.903208 531.748160 2.745564 0.125000 4.130227 
85.183235 507.804057 69.472595 512.222052 8.911895 0.125000 24.760286 
404.491837 531.152603 412.999268 503.086887 4.459770 0.125000 14.474386 
144.369140 380.760598 165.687367 381.681944 2.605615 0.125000 8.402517 
663.378246 196.862119 662.744071 184.394376 3.553046 0.125000 0.544631 
16.830808 438.560883 36.907356 437.471073 3.879995 0.125000 16.213921 
605.970539 281.860805 607.010058 215.627120 6.739630 0.125000 108.039399 
71.887349 433.009189 108.134386 433.336906 2.827628 0.125000 27.989118 
458.124471 361.211879 516.877804 361.264843 6.280422 0.125000 84.972679 
722.687891 405.450639 775.594383 426.950342 4.050864 0.125000 42.169263 
914.385993 336.426759 893.105716 336.718541 2.722554 0.125000 12.041248 
34.375125 423.113269 74.383896 423.538979 3.829586 0.125000 29.659034 
441.593843 699.526657 438.460097 693.717012 5.524337 0.062500 0.017364 
624.366889 333.166323 605.367471 329.437015 1.948258 0.125000 0.725722 
864.519194 374.928530 844.348602 370.752505 1.872228 0.125000 3.306239 
908.136168 408.617256 933.127128 408.457068 2.660191 0.125000 9.359802 
224.501234 356.321369 210.749920 358.814125 2.459910 0.062500 2.181224 
856.892672 357.837069 839.381914 356.762341 1.936828 0.125000 3.463001 
534.478260 372.000069 520.388021 370.706698 6.680873 0.125000 9.178510 
485.654439 347.788485 519.256629 350.728084 3.144110 0.125000 21.985268 
694.621495 235.631460 695.047937 219.359876 1.609804 0.062500 3.531293 
930.624276 275.760976 896.875233 275.581290 1.296568 0.125000 7.006122 
890.623083 301.630340 930.620628 301.316951 2.803528 0.125000 35.541159 
340.930537 572.504530 325.722813 574.976704 5.336352 0.125000 9.053358 
166.717176 382.286958 178.279046 381.413061 5.739473 0.125000 2.766886 
288.188482 585.799636 304.529120 586.764279 3.890810 0.125000 0.668896 
489.351278 507.719286 518.294677 506.026987 4.918513 0.125000 17.600037 
301.479077 565.359463 293.560132 577.166833 4.506922 0.125000 2.622992 
590.883072 362.429279 610.094351 369.555545 5.651514 0.125000 18.321912 
881.871926 493.214810 869.343817 492.785971 2.626824 0.125000 5.672516 
99.689718 293.112542 98.856937 355.634749 3.332190 0.125000 85.833639 
208.904603 274.425552 207.548063 261.802668 4.262789 0.125000 5.373655 
690.638194 508.788036 650.604298 509.584693 4.800054 0.125000 32.838740 
884.288068 428.706102 909.352088 425.448701 3.718726 0.125000 15.370858 
291.165814 304.399268 291.952013 286.878456 2.721623 0.125000 12.337928 
709.395001 215.625303 709.110503 234.389942 5.188921 0.125000 12.470567 
366.856646 340.488779 403.121958 335.602424 2.785321 0.125000 14.468948 
885.996627 268.132920 886.396623 249.364805 2.845682 0.125000 11.448143 
621.662298 389.392805 628.360046 388.236637 3.057456 0.062500 0.555006 
450.673103 355.469574 323.089904 361.076403 4.870881 0.125000 140.408625 
15.561344 417.205908 74.366998 419.573732 3.143474 0.125000 36.301803 
199.578748 547.114963 157.019917 552.934748 3.652010 0.125000 30.678304 
500.635459 379.302158 463.127314 379.635425 3.794276 0.125000 27.624501 
459.382334 396.435108 520.627314 395.880620 3.964861 0.125000 50.056644 
688.819681 255.608298 688.692374 269.368685 2.580842 0.125000 3.463001 
589.886818 249.386257 590.162224 236.864821 1.524566 0.125000 3.866336 
544.174021 523.584675 524.194557 528.665428 4.845771 0.125000 13.943267 
771.860156 348.324597 788.298129 349.547123 3.739672 0.125000 4.965195 
795.625103 256.442400 788.124946 256.443343 5.000157 0.125000 3.306239 
208.414303 291.872414 208.458038 275.622532 2.540362 0.125000 3.276074 
162.950526 352.284190 242.179745 335.843602 3.855533 0.125000 79.035137 
291.462444 329.368553 291.279615 305.619960 3.884609 0.125000 13.445667 
174.359772 403.475246 185.534301 403.961091 3.175757 0.062500 4.142637 
193.367610 396.695845 182.887581 395.746829 6.449995 0.125000 2.029917 
210.612198 388.696960 228.159364 389.089714 2.667203 0.125000 9.669863 
84.416998 422.360489 46.892902 420.299126 2.290543 0.125000 17.150444 
539.347961 517.972002 510.826031 523.012535 3.257707 0.125000 8.433757 
894.384987 363.009531 868.115269 360.737515 2.261866 0.125000 10.972792 
196.730757 568.742213 209.425915 565.848359 3.441222 0.125000 6.787925 
95.624532 585.650179 135.610735 586.392941 3.679707 0.125000 36.952732 
781.843461 390.397080 786.877240 390.552409 5.112092 0.062500 0.882160 
445.624239 322.104623 500.627778 322.286954 3.911580 0.125000 49.888968 
510.613565 401.228505 545.627366 401.017381 3.908209 0.125000 38.596204 
542.989343 333.468795 573.215504 345.395635 2.689899 0.125000 25.524357 
596.623027 276.863064 597.571097 256.848762 2.378908 0.125000 1.135295 
356.869118 386.682162 313.045505 388.018978 5.256160 0.125000 54.357432 
445.724318 560.734412 423.162100 562.382805 3.740032 0.125000 18.714899 
568.123788 371.701356 535.616647 371.928262 3.845884 0.125000 22.223417 
756.884283 411.613180 741.869498 411.520984 3.742254 0.125000 2.596220 
894.375966 413.134393 855.649874 417.116875 1.918081 0.125000 13.621932 
809.249872 415.652134 834.370569 413.081695 3.828868 0.125000 27.129938 
200.609013 410.378666 215.707667 409.398777 2.980473 0.125000 5.044626 
572.021832 345.289115 601.796302 358.305025 2.290688 0.125000 12.076095 
895.494542 405.896853 856.930385 411.040264 4.460356 0.125000 30.959984 
870.588259 404.776589 888.163563 404.015473 4.016898 0.125000 16.118259 
96.846176 417.521557 104.401423 417.636381 3.787269 0.125000 0.814027 
857.321495 319.376236 857.359555 305.622882 5.013818 0.125000 0.894831 
154.055685 320.643829 154.308991 308.123665 3.926225 0.125000 2.758944 
483.151791 537.531866 455.646564 538.653711 3.160155 0.125000 23.740121 
98.120377 495.615806 82.140043 503.652046 3.911821 0.125000 9.781182 
791.911089 410.268031 758.115252 411.633788 3.242204 0.125000 36.654027 
327.637236 524.023081 312.584231 544.886707 3.092254 0.125000 23.044170 
844.414789 408.679024 829.313135 409.763589 2.311284 0.125000 3.463001 
699.176671 396.127632 717.534587 403.371306 3.670406 0.125000 12.788621 
451.883045 424.779930 413.098685 425.550512 2.698151 0.125000 43.602295 
163.093670 571.768884 178.114531 571.421860 2.672558 0.125000 1.573656 
484.367994 344.450763 498.116025 345.722062 1.979478 0.125000 0.253976 
925.765009 454.463855 895.313711 457.648255 6.476120 0.125000 48.888181 
898.092079 436.359550 851.870951 439.311600 6.105250 0.125000 58.710760 
887.419532 474.706211 910.478403 488.372352 2.866868 0.125000 6.726022 
336.352765 511.115581 327.825423 523.765674 4.483787 0.125000 1.718350 
123.035580 453.396435 100.608623 455.445776 2.047485 0.125000 9.410664 
48.156831 431.174985 69.407992 429.945044 2.495823 0.062500 0.572375 
279.340560 406.078479 309.392473 404.779109 4.725351 0.125000 28.409164 
201.854055 556.688847 183.060682 558.803353 4.549370 0.125000 1.863449 
236.974642 540.731758 258.975684 520.197167 3.350707 0.125000 23.991661 
291.887339 376.038529 309.409036 375.515730 2.461608 0.125000 4.174771 
375.609026 345.062815 421.821715 343.749718 3.315570 0.125000 60.463166 
135.607595 586.421126 148.137105 585.940662 5.140022 0.125000 4.408543 
626.401905 232.903522 617.629124 251.642856 1.783408 0.125000 0.725722 
119.667836 457.885922 100.364997 463.477422 2.558546 0.125000 9.288442 
159.518676 378.069504 144.444251 378.655733 3.218373 0.125000 2.141299 
180.611339 563.385556 161.716667 562.394918 6.045086 0.125000 17.036042 
333.186271 580.187084 315.528039 579.546091 5.928471 0.125000 5.321691 
483.145711 373.661929 468.122079 373.225570 2.861853 0.125000 5.044626 
828.207427 410.637266 810.537895 411.791108 2.846047 0.125000 7.551888 
326.361539 106.852925 325.445040 128.171003 1.301383 0.125000 2.060156 
820.353013 150.733745 825.351046 163.234532 3.713505 0.062500 0.572375 
265.604037 406.480792 278.201357 405.810909 2.562850 0.125000 2.579094 
599.020869 253.153120 601.206502 280.678082 3.184773 0.125000 5.805517 
529.797964 332.243437 581.208183 356.909501 3.068045 0.125000 30.685648 
114.383270 426.573045 88.118736 425.853720 2.704394 0.125000 16.118259 
829.385772 423.299025 798.100892 425.235534 2.483231 0.125000 19.497682 
566.784332 392.229777 594.478423 393.794454 5.838168 0.125000 31.698735 
659.406332 497.606135 639.389524 498.463930 3.300479 0.125000 17.844780 
78.280630 469.974925 55.680217 475.837850 2.511050 0.125000 14.678374 
311.886464 387.297544 274.379658 387.554614 3.921256 0.125000 34.275652 
562.949094 344.792554 541.771412 335.870891 1.818613 0.125000 5.044626 
765.626745 455.811768 743.128709 456.021982 3.714799 0.125000 12.771423 
124.259047 565.451068 96.278150 584.104738 3.467017 0.125000 22.570053 
86.867630 421.969727 104.359006 423.330581 1.827986 0.125000 3.866336 
600.625951 374.691080 620.629531 374.630890 3.742461 0.031250 2.147850 
166.738664 531.690296 156.470051 539.269855 2.490376 0.125000 1.696074 
545.609168 396.237707 574.372470 395.523149 2.933842 0.125000 2.206324 
918.125738 303.563172 894.375805 303.603150 1.287872 0.125000 2.060156 
645.594874 384.498421 625.567643 379.609982 2.132286 0.125000 6.787925 
653.322193 339.396320 635.674900 336.564082 2.452618 0.125000 0.957274 
886.730622 467.140011 899.472274 468.354266 5.214620 0.125000 5.436947 
216.972604 561.857979 236.046604 541.010743 3.688939 0.125000 24.818318 
868.020311 363.850793 883.244469 366.046737 4.246951 0.125000 4.965195 
21.882018 558.189899 0.610417 560.490145 2.216734 0.125000 6.702893 
836.879006 432.879182 856.873696 433.204999 2.784796 0.125000 17.321035 
1.791380 563.203950 20.623871 561.859189 3.028225 0.125000 10.963296 
463.117115 545.573024 436.901587 549.550243 3.895070 0.125000 14.717420 
861.954987 446.085082 835.595541 443.415929 3.872520 0.125000 12.470567 
865.584634 462.690946 885.643648 460.825525 2.836498 0.125000 6.040710 
360.331672 321.096063 368.448079 322.479379 7.421245 0.125000 3.626277 
543.117913 514.231281 558.125305 514.327415 2.547991 0.125000 2.439139 
24.485455 434.425551 5.658927 436.024478 2.808375 0.125000 1.034659 
766.872785 371.778638 786.919657 371.317849 2.499340 0.125000 4.394576 
81.868057 460.542366 96.971486 459.273335 4.050811 0.125000 4.172263 
208.960932 498.835871 167.133067 530.961011 3.362482 0.125000 34.003955 
208.146125 412.830687 194.319989 413.136305 4.998779 0.125000 5.189725 
516.774042 516.562016 541.921100 515.659490 4.996783 0.125000 19.647400 
909.305226 344.759964 925.696440 347.730843 4.919842 0.125000 14.010344 
284.667791 594.049019 308.037424 596.470275 5.018225 0.125000 9.905801 
611.956024 230.629304 611.091801 246.899795 4.142530 0.125000 2.029917 
894.362897 417.986534 873.057159 419.848885 2.442584 0.125000 2.944828 
52.044110 519.694947 27.339043 532.752945 3.630952 0.125000 25.482027 
108.710685 310.649947 109.454745 293.181640 2.976493 0.125000 14.118661 
259.375881 519.375815 282.225748 494.699791 4.178595 0.125000 22.001959 
468.144380 376.560839 506.877769 375.758708 3.619792 0.125000 23.975532 
884.138104 365.826635 894.673490 367.545935 4.733393 0.125000 1.568692 
345.598699 363.225838 379.408895 363.884129 3.627624 0.125000 35.617780 
95.668359 459.561331 109.263924 456.397663 4.303281 0.125000 0.362707 
545.564633 509.974681 525.584795 510.609378 3.014691 0.125000 3.382540 
760.472728 415.787897 799.383321 413.252710 4.420528 0.125000 36.618640 
813.363245 273.186924 814.096626 255.561406 4.162489 0.125000 11.180507 
356.850373 346.181505 369.378963 345.736601 1.692822 0.031250 4.810310 
98.909074 356.859702 99.056300 364.405607 2.645827 0.031250 5.973546 
115.283007 434.625924 138.104134 426.814043 4.325699 0.125000 13.706486 
546.858870 401.557738 560.626369 401.795822 5.193772 0.031250 4.508124 
345.943835 494.553944 336.912299 510.645934 3.481391 0.125000 14.395570 
866.858252 453.032128 903.122887 452.797881 5.112933 0.125000 42.711049 
387.974981 404.639529 424.997591 399.003559 7.012381 0.125000 55.291791 
464.406787 559.219797 446.885265 559.728534 5.360678 0.125000 7.494620 
643.397452 278.140672 644.333215 261.872596 2.134896 0.125000 2.423832 
595.552987 392.760435 608.296494 390.243185 7.584928 0.125000 7.999032 
857.027437 410.813546 845.477111 409.154785 2.481146 0.125000 2.963246 
831.788872 337.711445 848.123109 339.393363 4.242414 0.125000 11.868963 
912.027763 490.284029 933.456682 499.884676 2.555398 0.125000 11.819583 
56.989662 412.114556 80.717806 414.807161 4.404347 0.125000 14.203428 
308.202902 572.105670 320.725293 573.062695 2.873745 0.125000 4.769426 
909.318343 437.411825 916.890001 437.651909 3.241335 0.062500 0.555006 
378.191330 363.587486 451.879196 360.733323 5.480055 0.125000 89.176480 
24.476844 461.676923 9.376346 463.138900 2.006535 0.031250 0.111681 
313.103755 406.329070 344.403643 405.111050 3.892983 0.125000 36.472454 
499.307840 317.063538 515.703729 322.903985 2.016424 0.125000 1.573595 
830.527225 393.120685 851.842453 393.955766 3.747125 0.125000 14.677996 
461.878054 326.724131 505.635426 327.609994 1.882267 0.125000 30.959036 
38.119168 437.979177 71.879024 437.838113 3.760413 0.125000 41.635517 
16.793741 422.376128 31.877271 423.076057 5.168452 0.125000 6.993887 
246.941877 407.475295 261.935117 407.793642 7.577915 0.125000 15.020718 
328.067390 364.646437 344.481271 363.680122 4.770970 0.125000 6.510418 
551.850014 391.198456 565.628320 391.798800 1.738532 0.031250 8.983846 
596.861549 460.944462 649.386712 460.185230 2.969465 0.125000 49.544298 
274.228231 382.264168 244.355801 379.589423 2.582751 0.125000 2.665995 
421.885391 377.009110 383.174081 380.008465 2.782212 0.125000 21.178825 
674.409751 238.129017 676.312589 221.665523 3.438164 0.125000 0.063167 
861.524315 403.514313 869.718918 405.267319 4.889376 0.125000 4.174771 
439.388242 381.697699 406.877765 382.099025 2.900976 0.125000 7.379778 
345.621261 404.715857 386.880008 405.168421 5.287617 0.125000 53.298584 
75.627588 528.165833 44.423700 530.143422 2.811242 0.125000 14.182484 
86.867765 428.583183 104.383136 428.859756 1.486669 0.125000 6.119335 
21.864712 542.282564 41.892255 542.037992 3.963411 0.125000 0.844781 
0.627627 637.840411 11.888205 637.944346 2.592190 0.125000 1.157066 
26.892363 493.632461 11.867184 494.146564 1.419518 0.125000 0.253976 
169.732078 267.505116 188.533647 278.335580 3.838405 0.125000 6.797824 
674.385419 396.790355 694.541612 399.271476 4.180056 0.125000 10.080976 
743.135576 451.545101 730.568345 451.142207 2.498716 0.125000 4.769426 
895.783589 384.789982 870.737405 380.033151 1.989628 0.125000 3.430184 
853.174633 397.226588 803.145206 398.777005 6.208282 0.125000 59.054236 
571.922961 398.362113 548.117094 399.129871 2.297238 0.125000 12.677099 
151.872210 391.936993 175.630343 393.006299 2.903161 0.125000 11.030881 
803.372258 438.785490 823.501163 447.228158 3.384375 0.125000 10.592323 
195.625403 416.882714 214.389459 415.901499 1.901056 0.125000 2.423832 
11.837846 497.582640 38.135694 495.781106 2.066999 0.125000 7.696125 
394.375713 383.442789 365.625858 383.507332 1.314540 0.125000 5.672516 
515.617346 526.762817 501.846165 527.702362 1.672521 0.062500 0.609137 
540.652001 481.747956 518.136148 481.306461 2.475014 0.125000 7.601276 
676.804677 426.321740 702.032626 423.115117 4.508142 0.125000 16.540121 
108.112014 351.942492 109.071409 334.358436 2.564387 0.125000 10.558779 
179.432830 390.974027 161.844825 389.845128 2.414799 0.125000 0.139068 
295.660104 589.758800 281.831500 589.198376 4.050623 0.125000 5.216412 
524.371879 507.170002 545.619501 507.394799 2.605653 0.125000 7.551888 
729.447101 448.646735 711.833823 448.004789 4.951154 0.125000 14.990917 
866.781220 341.403303 890.664620 340.102380 6.036790 0.125000 20.640622 
558.200789 516.631643 540.612266 517.955865 4.020954 0.125000 0.894831 
715.546823 479.041993 728.168223 480.118009 3.948809 0.125000 6.702893 
829.398686 432.083289 806.905270 434.641185 2.089415 0.125000 7.661203 
933.238980 443.814349 906.857459 442.153647 3.742592 0.125000 19.214597 
755.661133 467.387237 728.104791 466.037614 3.353075 0.125000 21.227680 
95.613666 507.488360 126.876011 506.931814 2.699850 0.125000 7.761314 
328.124107 568.112705 309.382166 569.473682 3.287490 0.125000 1.111759 
623.436926 369.984063 606.855782 361.914489 2.854846 0.125000 6.702893 
875.543531 458.289825 856.991935 459.682581 3.833057 0.125000 3.667083 
876.788991 428.730983 888.246094 429.261923 5.341829 0.125000 2.342844 
795.631230 452.437606 783.118923 452.576154 1.374486 0.125000 2.060156 
474.375935 400.597125 509.420362 401.772457 2.833790 0.125000 20.027772 
708.106669 452.302976 730.672350 453.269503 2.658182 0.125000 19.468743 
541.893629 500.915807 515.629259 500.405724 2.742246 0.125000 13.197744 
838.090677 441.102766 874.333227 443.706469 3.120567 0.125000 19.976529 
805.610037 467.232793 756.873744 468.050127 3.581791 0.125000 33.742654 
888.125848 486.863050 824.342290 482.335844 4.537084 0.125000 64.760977 
854.352671 425.864518 831.699950 423.752702 4.282239 0.125000 13.690394 
133.203337 426.707053 115.639177 427.297056 3.663955 0.125000 3.384687 
165.556176 426.659721 180.978066 421.729374 4.333190 0.125000 8.365881 
560.745275 402.067613 581.971012 402.785257 5.335052 0.125000 8.940196 
140.594143 329.313463 141.421824 345.710970 3.619202 0.125000 4.965195 
624.256937 182.665687 639.357572 181.622680 3.719016 0.125000 0.063167 
916.660771 434.987026 933.433629 436.141654 10.491464 0.125000 39.199893 
190.579717 676.716735 215.177253 669.678912 6.699989 0.125000 30.202733 
691.894981 458.897682 606.782497 455.334732 4.995625 0.125000 100.873484 
40.695934 485.919602 58.374893 481.662846 3.015764 0.125000 5.373655 
619.387982 507.057227 591.761042 509.025334 4.099128 0.125000 14.841371 
828.039379 475.242596 796.846457 472.164224 4.591218 0.125000 16.877210 
519.466025 394.282764 550.719391 391.825571 4.522262 0.125000 22.477280 
821.843328 535.703851 808.274194 530.253564 1.922971 0.125000 1.157066 
43.133319 412.564426 56.861745 412.768166 2.555371 0.062500 1.700150 
408.951853 432.079331 435.862816 428.867727 6.706524 0.125000 32.272714 
604.436250 361.730598 584.340341 353.206712 2.301522 0.125000 11.163603 
153.128701 384.312509 138.033588 383.418534 2.347829 0.125000 1.573656 
183.174711 573.655471 164.355697 575.419016 2.605722 0.125000 10.558779 
321.809933 338.306190 336.903275 337.882666 4.927909 0.125000 12.220867 
597.420527 255.646860 598.072638 239.372902 1.849579 0.125000 2.579094 
218.184744 375.948753 210.474939 375.451458 5.311471 0.125000 1.135295 
436.858904 552.985326 463.191362 549.950878 4.967129 0.125000 16.777297 
519.382492 476.921663 499.298115 480.146099 5.089591 0.125000 21.003428 
661.655914 501.039312 671.809069 502.375849 3.380955 0.062500 2.181224 
142.014548 433.431206 122.152154 442.483149 3.427202 0.125000 2.766886 
779.379793 488.710233 824.386465 489.034719 3.903105 0.125000 25.840945 
154.433036 556.157933 184.485019 552.885275 3.211391 0.125000 11.147644 
778.111379 440.813608 791.969647 441.814433 2.135375 0.062500 1.700150 
23.128371 609.406145 0.487728 611.856801 3.696127 0.125000 16.458965 
20.488670 562.983585 34.350545 561.625403 2.375783 0.125000 0.709749 
206.534080 358.093507 221.784889 354.036280 2.338494 0.062500 0.017364 
185.333952 553.343992 199.376381 549.379893 2.900966 0.125000 1.778679 
725.726284 466.291931 707.878581 469.002397 7.227299 0.125000 18.420729 
56.872127 479.269412 25.611259 480.120015 3.043071 0.125000 17.593056 
440.633084 377.871300 423.111044 377.312952 2.857037 0.125000 6.787925 
765.745906 500.071381 785.617118 504.411092 3.509247 0.125000 0.894831 
656.884132 462.224057 634.366841 462.813131 2.924115 0.125000 10.108305 
911.788945 452.252394 933.200524 450.140826 1.740254 0.125000 2.579094 
72.715978 451.655128 91.732625 446.363358 4.419122 0.125000 4.035737 
511.791828 483.974812 544.468185 487.172874 4.732710 0.125000 27.828409 
591.821270 366.136297 530.615947 367.789914 5.504570 0.125000 65.586735 
804.324213 418.247769 781.869794 419.259448 2.947558 0.125000 2.072385 
41.996900 632.672033 20.672180 635.933485 2.849225 0.125000 10.972792 
611.828890 471.629282 634.696466 467.338070 4.759512 0.125000 9.581624 
586.904921 492.847118 561.813270 493.619414 4.920722 0.125000 18.337353 
34.409349 565.235999 0.613401 566.584265 2.498013 0.125000 8.309752 
913.145959 472.174626 933.222599 470.770267 3.043065 0.125000 10.194464 
140.878208 641.801929 115.441991 647.274360 4.902823 0.125000 29.608452 
211.482209 278.112902 211.096397 290.639519 1.595736 0.125000 0.814027 
454.384309 541.309086 474.378899 541.637990 2.725814 0.125000 5.855640 
358.347576 667.049732 340.501993 669.837619 5.634444 0.125000 31.470370 
688.166443 467.124072 680.603109 467.333168 2.637222 0.062500 0.555006 
283.111934 392.405055 296.853583 392.743801 2.468057 0.062500 3.938900 
674.389692 402.874491 626.833341 400.085298 2.931159 0.125000 36.830174 
830.665776 460.085825 806.862847 458.285697 2.094814 0.125000 5.216412 
63.117799 416.975992 35.579550 415.012410 1.510875 0.125000 1.649987 
754.369122 474.266219 778.117329 472.983027 3.170790 0.125000 8.582073 
733.076932 416.027906 719.372856 414.392967 2.941714 0.125000 0.816094 
107.625816 333.307800 109.129210 316.852544 3.961906 0.125000 4.658215 
76.865509 425.529864 41.840005 429.024231 2.735834 0.125000 15.014227 
601.877475 482.415197 638.127034 482.541593 2.513060 0.125000 32.370025 
895.518766 450.404401 863.105969 447.059406 3.305448 0.125000 13.706486 
901.875352 445.615609 873.165605 444.540593 1.997486 0.125000 4.753019 
287.310690 295.637251 287.908729 274.368919 1.776525 0.125000 12.897236 
320.627830 684.392817 288.984936 689.419601 7.072713 0.125000 36.010028 
503.132743 325.108446 451.875523 324.340117 1.886849 0.125000 28.886995 
337.775997 284.404345 337.327312 298.180444 2.457984 0.125000 0.709749 
71.882568 578.191846 54.324585 580.179699 2.507665 0.125000 1.778679 
241.873283 395.614168 259.137544 392.877183 2.883021 0.125000 0.781430 
325.734939 634.618449 316.683334 633.629799 3.502607 0.125000 2.579094 
814.396536 440.103056 835.661909 440.980484 2.807068 0.125000 1.111759 
688.025844 348.180938 661.852529 350.354402 3.426800 0.125000 8.309752 
160.527431 440.214438 173.130811 439.473906 2.495696 0.125000 0.709749 
115.705280 393.777408 99.394623 395.784466 2.328622 0.125000 3.306239 
161.851884 579.111106 179.435951 577.570815 3.953850 0.125000 4.150144 
340.630082 592.785342 311.867818 592.355032 2.705410 0.125000 14.456811 
681.843874 453.135873 706.890868 452.506719 2.373656 0.125000 13.620761 
114.389103 647.960605 84.379623 647.661377 3.837056 0.125000 11.442350 
726.883846 463.205958 746.917814 461.016815 4.114581 0.125000 8.031938 
518.080951 497.267124 535.662963 496.364339 3.009506 0.125000 11.884775 
679.395671 467.344434 658.131859 468.280767 1.798683 0.125000 6.119335 
795.612165 486.054094 773.132278 485.381696 2.648371 0.125000 10.972792 
144.249070 592.082146 111.918618 595.986212 3.123534 0.125000 19.385662 
633.126136 463.179663 590.644489 464.062648 1.873148 0.125000 33.775515 
825.625551 465.666314 846.871778 465.383199 2.616365 0.062500 1.139935 
275.842303 609.628978 260.618299 611.828623 3.877364 0.125000 2.342844 
808.125599 426.890670 828.144129 426.125378 2.498175 0.125000 7.563390 
51.860776 582.755427 69.334892 582.082890 2.786594 0.125000 3.325540 
586.844102 502.077264 619.389523 501.117478 3.051623 0.125000 23.166250 
15.559243 446.201034 39.285446 448.909493 4.292893 0.125000 7.820170 
6.735809 615.437308 28.148164 613.364258 3.612091 0.125000 9.598911 
701.963715 468.577647 689.204433 467.158031 2.484668 0.125000 1.696074 
754.669760 447.400143 731.930060 444.006102 4.022589 0.125000 6.533223 
765.650834 508.719058 728.061448 507.238627 4.897742 0.125000 27.799542 
49.378533 533.276965 61.900823 532.985874 4.940551 0.125000 5.556889 
508.115512 313.153363 519.361487 316.915395 2.375090 0.062500 3.191342 
718.240034 505.706742 707.970357 504.695529 4.711872 0.125000 5.926352 
745.681034 457.830700 723.112040 459.153962 2.422550 0.125000 15.009565 
843.125223 437.164227 820.624861 437.167493 3.126633 0.125000 0.496478 
39.349491 447.560980 64.379697 447.209003 2.517329 0.125000 17.321035 
409.385928 308.547388 394.363643 308.936053 2.628483 0.125000 7.478696 
170.653498 325.807622 155.629237 328.152154 4.554752 0.125000 1.718350 
315.733116 663.347412 322.782590 659.920609 8.384731 0.125000 0.980715 
339.373141 670.634185 321.832852 667.083193 8.064970 0.125000 5.701181 
269.422523 643.749970 254.319748 644.898381 5.743816 0.125000 2.206324 
559.363149 455.391973 581.868511 454.247406 1.883285 0.125000 7.893500 
650.614866 459.511412 680.634908 461.741632 2.400521 0.125000 6.726022 
91.738112 445.329026 114.559590 434.774113 3.758139 0.125000 17.427009 
23.095099 606.610430 53.135214 603.215377 2.905319 0.125000 24.661028 
412.967959 619.339720 415.226691 609.285518 3.080428 0.125000 2.579094 
0.620972 447.000207 14.396928 447.443392 1.691474 0.125000 0.253976 
30.579981 419.842291 0.617226 416.955698 2.083324 0.125000 10.194464 
546.922986 399.168908 536.608999 396.767438 3.368843 0.125000 0.725722 
718.074436 414.796076 697.914825 412.375232 3.276149 0.125000 0.980715 
226.824043 445.360378 249.447939 441.003775 2.546141 0.125000 9.283693 
635.555061 466.270377 659.564938 468.872311 6.182955 0.125000 27.573547 
312.083446 598.184305 287.950102 602.026422 3.451555 0.125000 12.984874 
305.788774 630.405577 328.315809 626.825705 4.938037 0.125000 23.602659 
363.219142 462.707159 345.661032 464.693499 2.624670 0.125000 1.135295 
599.874330 227.070893 596.990989 234.420504 7.438447 0.125000 0.818691 
48.116808 600.562203 18.137802 604.473134 2.424896 0.125000 15.236407 
606.617009 357.495162 577.053269 345.196476 2.788353 0.125000 6.646935 
323.479499 360.068832 343.390942 349.895506 1.827832 0.125000 1.573656 
501.844564 481.367816 485.652873 482.339472 2.645265 0.125000 3.276074 
321.678426 658.654284 355.771548 660.866632 7.760309 0.125000 69.201354 
506.873576 310.584169 491.848257 311.108176 2.047750 0.125000 2.060156 
69.253620 687.806341 96.971363 686.612731 7.170382 0.125000 35.490800 
307.879275 674.936666 326.956542 672.518221 4.488684 0.125000 0.496478 
494.347490 488.454466 521.864390 490.752067 3.323413 0.125000 16.613248 
620.619815 336.139605 599.379685 336.289373 1.399803 0.125000 3.325540 
130.580939 442.360368 146.848951 441.422949 3.214960 0.125000 2.596220 
238.069230 696.458835 250.513267 694.791225 5.696544 0.125000 9.781182 
286.876415 273.019847 274.361862 272.851466 3.901013 0.125000 1.945517 
756.870678 465.505471 779.341295 464.692911 1.881587 0.125000 3.430184 
249.412262 438.455298 228.150823 440.853901 3.184889 0.125000 1.718350 
281.910390 618.977682 308.218831 617.885781 4.995699 0.125000 16.777297 
635.625000 466.875000 614.375000 466.875000 1.250000 0.125000 1.157066 
707.158825 469.135071 699.231057 471.362738 3.999625 0.125000 0.709749 
55.639062 643.218359 24.529984 647.903982 4.132376 0.125000 24.809520 
121.808203 688.633072 154.430904 689.357489 7.609154 0.125000 47.353446 
159.505015 647.689917 142.880460 650.342253 4.937554 0.125000 8.797264 
499.400101 413.405558 476.856880 415.422476 2.267271 0.125000 2.944828 
568.034913 330.997184 585.709631 335.275358 2.979343 0.125000 7.551888 
609.371569 495.832246 586.857044 495.459465 3.728792 0.125000 14.182484 
756.899464 432.837107 776.861537 434.533432 1.351351 0.125000 0.253976 
4.278820 420.706793 14.415934 419.872192 2.901838 0.062500 1.700150 
69.411032 433.515373 50.590618 435.252501 3.408514 0.125000 4.965195 
629.368113 393.519746 645.613168 393.803172 2.652257 0.125000 0.139068 
568.466900 340.982819 548.104139 333.179436 1.985092 0.125000 3.325540 
810.480129 456.402919 795.532943 453.619324 5.373192 0.125000 8.531723 
189.195666 613.611555 201.876819 610.632744 4.508171 0.125000 5.373655 
239.211494 675.451001 251.950972 675.882616 8.702657 0.125000 9.518920 
308.219399 359.576201 334.540178 347.227057 2.263274 0.125000 10.298866 
634.352805 405.355297 654.388140 405.554685 6.411399 0.125000 21.404450 
881.861204 440.730454 897.091134 442.722930 4.853373 0.125000 4.253137 
105.900573 656.610082 79.609929 663.964794 7.079473 0.125000 21.124856 
233.113441 485.300387 250.635733 484.676417 1.738537 0.125000 5.233183 
314.434463 606.577435 330.699107 605.561991 4.990284 0.125000 11.180507 
300.616362 663.591784 315.642106 663.426068 7.568470 0.125000 5.339400 
374.387040 369.543579 415.605350 366.599858 2.226701 0.125000 9.565463 
84.395254 653.428369 116.917200 651.257072 3.741670 0.125000 18.337353 
273.121248 413.259154 239.397631 412.315896 2.673768 0.125000 2.206324 
289.417092 676.225179 306.918675 674.997761 5.512449 0.125000 8.736866 
268.078142 672.703424 280.700081 671.300491 6.626009 0.125000 15.641027 
203.097265 606.377932 180.597567 607.633341 4.092364 0.125000 10.108886 
311.971192 634.846068 299.050772 633.250497 5.590075 0.125000 6.467198 
721.893215 441.490535 681.864619 439.594124 2.556353 0.125000 17.382647 
26.862086 443.948734 0.598322 444.744436 2.461000 0.125000 9.472625 
703.106657 415.929194 723.109302 417.135335 1.699157 0.125000 2.579094 
114.542570 599.386915 151.882114 594.428573 3.640140 0.125000 23.975532 
166.766000 687.760467 181.839304 687.186904 7.399516 0.125000 6.689611 
549.049251 325.787812 565.847291 329.660898 3.029128 0.125000 1.034659 
320.853935 667.699069 310.565364 668.834716 2.332675 0.125000 0.253976 
155.223337 689.680802 166.006114 687.706939 6.268760 0.125000 12.788621 
328.072946 611.049640 310.799324 612.139057 5.698196 0.125000 0.889089 
574.678209 519.534500 565.588276 517.007079 3.457902 0.125000 0.709749 
781.960776 420.871170 805.644660 422.894919 2.916613 0.125000 10.298866 
106.865788 689.135921 120.739679 688.601358 3.025039 0.125000 3.463001 
211.859496 617.463487 235.684298 616.905103 4.188295 0.125000 11.430383 
246.754839 617.355450 272.951671 613.264946 3.627137 0.125000 14.228858 
929.385633 466.437067 904.370030 465.829671 4.021972 0.125000 8.538293 
194.413031 579.493058 177.463900 584.953078 3.509153 0.125000 1.865272 
176.873390 459.458664 194.366915 459.795237 2.571674 0.125000 0.328516 
560.637550 464.743890 578.032360 464.152079 4.045354 0.125000 3.626277 
654.251970 406.647688 678.148534 404.657591 4.359506 0.125000 27.305378 
155.510942 603.859010 176.833463 602.481876 4.264523 0.125000 16.784806 
664.533671 378.939298 643.360411 371.228574 2.776814 0.125000 10.972792 
755.308751 486.240242 773.143795 489.264147 3.279328 0.125000 4.172263 
136.922267 631.052641 119.223997 633.008813 4.001951 0.125000 12.076095 
436.678778 430.316723 456.676491 427.798562 4.969976 0.125000 6.450577 
501.872342 441.257320 531.871787 441.128233 1.373698 0.125000 11.884775 
253.484691 687.216994 236.868044 689.320042 7.440644 0.125000 13.841740 
521.874724 455.597994 545.622253 455.355719 1.390207 0.125000 2.963246 
478.141435 417.179879 499.397051 416.034066 2.005946 0.125000 5.044626 
56.701859 689.412877 68.251852 687.763066 6.717610 0.125000 12.387076 
540.648237 452.557305 521.877438 453.196573 1.589644 0.125000 1.157066 
253.123760 416.853873 276.865362 415.460757 2.642151 0.125000 3.626277 
689.375129 485.285407 666.875132 485.276890 2.504258 0.125000 9.254685 
100.602425 435.339668 76.901889 437.214850 1.250000 0.125000 2.060156 
271.872351 600.550855 249.356434 601.355417 4.060073 0.125000 2.550557 
850.537650 449.244072 866.980180 450.527502 2.391355 0.125000 1.649987 
517.933343 316.277157 540.673468 322.960078 3.103463 0.125000 9.165500 
216.897557 320.847609 203.036553 322.252134 2.600543 0.125000 3.306239 
374.414837 374.991573 356.907161 376.122764 4.225773 0.125000 2.345994 
528.130430 438.551252 503.134485 438.869651 1.520560 0.125000 15.009565 
573.133193 514.933664 586.880236 514.732055 2.554721 0.125000 0.709749 
343.155725 432.197373 326.815881 433.754716 2.014324 0.125000 0.725722 
175.625268 611.806218 190.625040 611.864624 3.769441 0.125000 2.359708 
269.381655 618.172672 248.024370 621.154157 2.849862 0.125000 7.172770 
26.870305 482.756214 44.383380 482.533258 2.674832 0.125000 0.328516 
39.493745 659.197724 54.312170 657.557402 3.452177 0.125000 2.141299 
198.236197 340.634249 199.492486 325.530799 2.387780 0.125000 3.306239 
348.107313 435.405241 361.868778 434.297686 1.847643 0.125000 0.253976 
594.390469 487.914205 580.622882 486.903860 4.346187 0.125000 1.111759 
745.441921 367.547769 759.433849 368.355150 4.991697 0.125000 0.509314 
243.177614 374.729503 223.100037 373.549866 2.275748 0.125000 3.430184 
644.383694 487.965315 601.873588 485.650931 2.675171 0.125000 13.800465 
220.595006 697.654522 236.937963 696.612635 3.131158 0.125000 8.402517 
244.354227 625.326433 262.029575 624.096630 4.814418 0.125000 3.645011 
470.628641 422.331407 493.127209 422.151942 1.399519 0.125000 1.157066 
239.386656 642.906186 211.847786 643.217480 3.947565 0.125000 12.010735 
495.616805 420.983734 528.128394 421.726442 2.642088 0.125000 18.652462 
590.529124 467.557602 613.163960 466.363512 3.744793 0.125000 7.840887 
659.388496 425.345347 675.660922 426.130651 2.617603 0.125000 0.139068 
343.116175 426.723196 325.602696 427.741337 1.828260 0.125000 0.709749 
685.620861 411.822999 655.710838 414.203513 2.336961 0.125000 2.460412 
528.141511 346.225097 508.154411 345.717319 1.725792 0.125000 0.709749 
580.614808 451.575307 563.092564 452.171193 2.753464 0.125000 7.551888 
581.749230 460.859516 564.373945 459.387456 4.580805 0.125000 4.253137 
68.128833 444.707026 30.619401 445.140086 1.625116 0.125000 16.213921 
78.070574 384.604579 51.895039 386.000701 2.296722 0.125000 8.526988 
523.126761 409.346616 506.861820 408.337423 1.866881 0.125000 2.963246 
145.604352 456.774249 164.336133 452.935352 2.258635 0.125000 3.325540 
215.739426 443.099079 193.086825 445.216623 2.640673 0.125000 4.172263 
153.417741 637.842777 141.272772 641.516482 5.037040 0.125000 5.194097 
155.634650 600.097428 141.887103 600.281061 3.107970 0.125000 1.573595 
810.628115 461.798896 831.893651 462.669336 3.644618 0.125000 3.078231 
591.946985 337.886843 615.785986 345.092390 3.227946 0.125000 6.046712 
693.114302 369.419149 715.510797 374.846290 2.649434 0.125000 5.761160 
246.882863 621.282905 225.620961 621.537022 2.708962 0.125000 5.926352 
133.398850 311.865142 133.939725 326.890669 1.653896 0.125000 2.579094 
214.413450 430.081792 191.937582 428.490869 2.493761 0.125000 6.762821 
726.864748 364.431355 738.194597 366.492418 2.683354 0.125000 2.060156 
796.823777 407.918728 820.639109 409.087507 2.435723 0.125000 16.792354 
324.368118 430.487850 338.146150 429.796499 1.874864 0.125000 0.814027 
700.639764 444.777315 668.137664 445.970081 2.406635 0.125000 3.814612 
274.359613 411.228884 289.381710 411.611643 1.599827 0.125000 0.814027 
538.123348 434.344207 556.886409 433.337670 1.917800 0.125000 7.478696 
605.576772 395.924186 630.575857 394.656149 5.056903 0.125000 21.149132 
120.695431 642.130681 132.953910 638.753903 2.906522 0.125000 2.439139 
294.365404 467.983120 276.860933 469.167013 1.837597 0.125000 3.866336 
196.892652 432.719022 214.359630 433.478487 2.986329 0.125000 4.561193 
748.183502 407.528630 764.400072 409.119411 3.464332 0.125000 3.751525 
228.137889 693.822857 200.624188 694.331029 4.072526 0.125000 10.398492 
189.439600 624.706710 174.284098 627.658236 2.692846 0.125000 3.276074 
796.892028 285.097278 784.364737 284.693060 1.612165 0.062500 0.882160 
510.627320 366.595232 489.368415 366.418912 3.780972 0.125000 5.754504 
699.672163 355.882791 720.890752 362.237670 2.996641 0.125000 1.412006 
601.884846 397.921503 589.353702 397.315201 1.731810 0.125000 1.157066 
528.245456 458.186757 514.384465 456.781628 2.235113 0.125000 0.814027 
121.480823 309.333518 119.905869 324.299321 2.224623 0.125000 4.769426 
495.652185 473.430688 481.899783 474.653679 2.086622 0.062500 1.260049 
564.391806 458.573385 549.366063 459.136552 1.670479 0.125000 0.814027 
29.134909 468.724670 46.972579 462.139312 2.399851 0.125000 4.166828 
530.609671 465.242064 540.643630 464.840406 1.598981 0.062500 0.609137 
684.118944 462.760306 691.955933 463.700082 3.098325 0.062500 0.130247 
201.822639 350.392136 169.549043 357.649023 2.107078 0.125000 2.460412 
